020101003801202012
020101012701202012
020101012709202012
020101013501202012
020101013509202012
020101014301202012
020101014307202012
020101014309202012
020101016001202012
020101016009202012
020101020801202012
020101020809202012
020101024001202012
020101024007202012
020101024009202012
020101025901202012
020101026701202012
020101026707202012
020101026709202012
020101027503202012
020101027507202012
020101027509202012
020101030501202012
020101030507202012
020101030509202012
020101031301202012
020101031307202012
020101031309202012
020101032101202012
020101032107202012
020101032109202012
020101033001202012
020101033007202012
020101033009202012
020101040201202012
020101040207202012
020101040209202012
020101053401202012
020101053409202012
020101055001202012
020101055009202012
020904003301202012
020904003307202012
020904003309202012
020904005001202012
020904005007202012
020904005009202012
021105009101202012
021105010503202012
021105010507202012
021105010509202012
021105014801202012
030106001003202012
030106001007202012
030106007001202012
030106007003202012
030106007007202012
030106007009202012
030106008803202012
030109001703202012
030109001709202012
030109001713202012
030109002503202012
030109002509202012
030109002513202012
030301001003202012
030301001007202012
030301002903202012
030301002907202012
030301003703202012
030301003707202012
030301004503202012
030301004507202012
030301005303202012
030301005307202012
030301006103202012
030301006107202012
030301007003202012
030301007007202012
030301008803202012
030301008807202012
030301009603202012
030301009607202012
030301010003202012
030301010007202012
030301011803202012
030301011807202012
030301012603202012
030301012607202012
030301013403202012
030301013407202012
030301014203202012
030301014207202012
030301015003202012
030301015007202012
030301016903202012
030301016907202012
030301017703202012
030301017707202012
030301018503202012
030301018507202012
030301019303202012
030301019307202012
030301020703202012
030301020707202012
030301021503202012
030301021506202012
030301021507202012
030301022303202012
030301022307202012
030301022317202012
030302003203202012
030302003207202012
030302004003202012
030302004007202012
030302005903202012
030302005907202012
030302006703202012
030302006707202012
030302007503202012
030302007507202012
030302008303202012
030302008307202012
030303001107202012
030303001111202012
030303002003202012
030303002007202012
030303003803202012
030303003807202012
030303004603202012
030303004607202012
030303005403202012
030303005407202012
030303006203202012
030303006207202012
030304001703202012
030304001707202012
030304002503202012
030304002507202012
030304003303202012
030304003307202012
030304004103202012
030304004107202012
030304005003202012
030304005007202012
030304006803202012
030304006807202012
030304007603202012
030304007607202012
030304008401202012
030304008403202012
030304008407202012
030304009201202012
030304009203202012
030304009207202012
030304010603202012
030304010607202012
030304011401202012
030304011403202012
030304011407202012
030304012201202012
030304012203202012
030304012207202012
030304013003202012
030304013007202012
030304014903202012
030304014907202012
030304015703202012
030304015707202012
030304016503202012
030304016507202012
030304017303202012
030304017307202012
030304018103202012
030304019003202012
030304019007202012
030304020303202012
030304020307202012
030304021103202012
030304021107202012
030304022003202012
030304022007202012
030304023803202012
030304023807202012
030304024603202012
030304024607202012
030304025403202012
030304025407202012
030304026203202012
030304026207202012
030304027003202012
030304027007202012
030304028903202012
030304029703202012
030304029707202012
030304030003202012
030305013603202012
030305013607202012
030305014403202012
030305014407202012
030306001803202012
030306001807202012
030306002603202012
030306002607202012
030306003403202012
030306003407202012
030306004203202012
030306004207202012
030306005003202012
030306005007202012
030306006903202012
030306006907202012
030306007703202012
030306007707202012
030306008503202012
030306008507202012
030306009303202012
030306009307202012
030306010703202012
030306010707202012
030306011503202012
030306011507202012
030306012303202012
030306012307202012
030306013103202012
030306013107202012
030306014003202012
030306014007202012
030306015803202012
030306015807202012
030306016603202012
030306016607202012
030306017403202012
030306017407202012
030306018203202012
030306018207202012
030306019003202012
030306019007202012
030306020403202012
030306020407202012
030306021203202012
030306021207202012
030306022001202012
030306022003202012
030306022007202012
030306023903202012
030306023907202012
030306024703202012
030306024707202012
030306025503202012
030306025507202012
030306026303202012
030306026307202012
030306027103202012
030306027107202012
030306028003202012
030306028007202012
030306029803202012
030306029807202012
030306030103202012
030306030107202012
030307006403202012
030307006407202012
030307007203202012
030307007207202012
030307008003202012
030307008007202012
030307009903202012
030307009907202012
030307010203202012
030307010207202012
030307011003202012
030307011007202012
030307012903202012
030307012907202012
030307013701202012
030308004303202012
030308004307202012
030308005103202012
030308005107202012
030308006003202012
030308006007202012
030308007803202012
030308007807202012
030308008603202012
030308008607202012
030308009403202012
030308009407202012
030309013803202012
030309013807202012
030309013809202012
030309019703202012
030309019707202012
030309019709202012
030309023503202012
030309023507202012
030309023509202012
030309031603202012
030309031607202012
030310001002202012
030310001003202012
030310001007202012
030310002802202012
030310002803202012
030310002807202012
030310003602202012
030310003603202012
030310003607202012
030310004402202012
030310004403202012
030310004407202012
030310005202202012
030310005203202012
030310005207202012
030311001503202012
030311001507202012
030311002303202012
030311002307202012
030311003103202012
030311003107202012
030311004003202012
030311004007202012
030311005803202012
030311005807202012
030311006603202012
030311006607202012
030311007403202012
030311007407202012
030311008203202012
030311008207202012
030311009003202012
030311009007202012
030311010403202012
030311010407202012
030311011203202012
030311011207202012
030313001604202012
030313002404202012
030313003204202012
030313004004202012
030313005904202012
030313006704202012
030313007504202012
030313008304202012
030314002003202012
030314002007202012
030314003803202012
030314003807202012
030314004603202012
030314004607202012
030314005403202012
030314005407202012
030314006203202012
030314006207202012
030314007003202012
030314007007202012
030314008903202012
030314008907202012
030314009703202012
030314009707202012
030314010003202012
030314010007202012
030314011903202012
030314011907202012
030314012703202012
030314012707202012
030314013503202012
030314013507202012
030314014303202012
030314014307202012
030314015103202012
030314015107202012
030315001703202012
030315001707202012
030315002503202012
030315002507202012
030315003303202012
030315003307202012
030315004103202012
030315004107202012
030315005003202012
030315005007202012
030315006803202012
030315006807202012
030316001207202012
030316002007202012
030316003907202012
030316004707202012
030316005507202012
030316006307202012
030316007107202012
030317009305202012
030317009307202012
030317010707202012
030317010714202012
030317013102202012
030317013103202012
030317013105202012
030317013107202012
030317013187202012
030317014002202012
030317014003202012
030317014005202012
030317014007202012
030317014087202012
030317015802202012
030317015803202012
030317015805202012
030317015807202012
030317015887202012
030317016602202012
030317016603202012
030317016605202012
030317016607202012
030317016687202012
030317017402202012
030317017403202012
030317017405202012
030317017407202012
030317017487202012
030317018202202012
030317018203202012
030317018205202012
030317018207202012
030317018287202012
030317019005202012
030317019007202012
030317020405202012
030317020407202012
030318001303202012
030318001307202012
030318003003202012
030318003007202012
030318004803202012
030318004807202012
030318005603202012
030318005607202012
030318006403202012
030318006407202012
030318007207202012
030318007210202012
030319001903202012
030319001907202012
030319001908202012
030401011103202012
030401011107202012
030401035903202012
030401035907202012
030401049903202012
030401049907202012
030401059603202012
030401059607202012
030408002003202012
030408002007202012
030408003903202012
030408003907202012
030408003909202012
030408004703202012
030408006303202012
030409001803202012
030409001807202012
030409002603202012
030409002607202012
030409003403202012
030409003407202012
030409004203202012
030409004207202012
030410001303202012
030410001307202012
030410001309202012
030410002103202012
030410002107202012
030501017403202012
030501017407202012
030502001303202012
030502001307202012
030502002103202012
030502002107202012
030502003003202012
030502003007202012
030502004803202012
030502004807202012
030502005603202012
030502005607202012
030701005801202012
030701005803202012
030701005807202012
030701005809202012
030702003701202012
030702003703202012
030702003707202012
030702003709202012
030702004501202012
030702004503202012
030702004507202012
030702004509202012
030702005301202012
030702005303202012
030702005307202012
030702005309202012
030702006101202012
030702006103202012
030702006107202012
030702006109202012
030702008801202012
030702008803202012
030702008807202012
030702008809202012
030702009601202012
030702009603202012
030702009607202012
030702009609202012
030702010001202012
030702010003202012
030702010007202012
030702010009202012
030702011801202012
030702011803202012
030702011807202012
030702011809202012
030703003201202012
030703003203202012
030703003207202012
030703003209202012
030704001101202012
030704001103202012
030704001107202012
030704001109202012
030704006201202012
030704006203202012
030704006207202012
030704006209202012
030704008901202012
030704008903202012
030704008907202012
030704008909202012
030801001901202012
030801001903202012
030801001907202012
030801002703202012
030801002707202012
030801003501202012
030801003503202012
030801003507202012
030801004301202012
030801004303202012
030801004307202012
030802002203202012
030802002207202012
030802003003202012
030802003007202012
030803001003202012
030803001007202012
030803002803202012
030803002807202012
030803003601202012
030803003603202012
030803003607202012
030803003683202012
030804001501202012
030804001503202012
030804001507202012
030804002303202012
030804002307202012
030901003901202012
030901003903202012
030901003907202012
031001003901202012
031001003902202012
031001003903202012
031001004701202012
031001004702202012
031001004703202012
031001005502202012
040102001001202012
040102001007202012
040102001009202012
040102002901202012
040102002907202012
040102002909202012
040102003701202012
040102003707202012
040102003709202012
040102004501202012
040102004507202012
040102004509202012
040102005301202012
040102005307202012
040102005309202012
040102006101202012
040102006107202012
040102006109202012
040102007001202012
040102007007202012
040102007009202012
040102008801202012
040102008807202012
040102008809202012
040102009601202012
040102009607202012
040102009609202012
040102010001202012
040102010007202012
040102010009202012
040102011801202012
040102011807202012
040102011809202012
040102012601202012
040102012607202012
040102012609202012
040102013401202012
040102013409202012
040102014201202012
040102014207202012
040102014209202012
040102015001202012
040102015007202012
040102015009202012
040102016901202012
040102016907202012
040102016909202012
040201001901202012
040201001907202012
040201002701202012
040201002707202012
040201003501202012
040201003507202012
040201003509202012
040201004301202012
040201004307202012
040201004309202012
040201005101202012
040201005107202012
040202001401202012
040202001407202012
040202002201202012
040202002207202012
040301001201202012
040301001207202012
040301002001202012
040301002007202012
040301003901202012
040301003907202012
040301004701202012
040301004707202012
040301005501202012
040301005507202012
040301006301202012
040301006307202012
040301007101202012
040301007107202012
040301008001202012
040301008007202012
040301008009202012
040301009801202012
040301009807202012
040301010101202012
040301010107202012
040301011001202012
040301011007202012
040301012801202012
040301012807202012
040301013601202012
040301013607202012
040301014401202012
040301014407202012
040301015201202012
040301015207202012
040301016001202012
040301016007202012
040301017901202012
040301017907202012
040301018701202012
040301018707202012
040301019501202012
040301019507202012
040301020901202012
040301020907202012
040301021701202012
040301021707202012
040301022501202012
040301022507202012
040301023301202012
040301023307202012
040301024101202012
040301024107202012
040301025001202012
040301025007202012
040301026801202012
040301026807202012
040301027601202012
040301027607202012
040301028401202012
040301028407202012
040301029201202012
040301029207202012
040301030601202012
040301030607202012
040301031401202012
040301031407202012
040301032201202012
040301032207202012
040301033001202012
040301033007202012
040301034901202012
040301034907202012
040301035701202012
040301035707202012
040301036501202012
040301036507202012
040301039001202012
040301039003202012
040301039007202012
040302001801202012
040302001807202012
040302002601202012
040302002607202012
040302003401202012
040302003407202012
040302004201202012
040302004207202012
040302005001202012
040302005007202012
040302006901202012
040302006907202012
040302007701202012
040302007707202012
040302007709202012
040302008501202012
040302008507202012
040302008509202012
040302009301202012
040302009307202012
040302009309202012
040302010701202012
040302010707202012
040302011501202012
040302011507202012
040302012301202012
040302012307202012
040302012309202012
040302013101202012
040302013107202012
040303001301202012
040303001307202012
040303002101202012
040303002107202012
040303003001202012
040303003007202012
040303004801202012
040303004807202012
040303005601202012
040303005607202012
040303006401202012
040303006407202012
040303008001202012
040303008007202012
040303009901202012
040303009907202012
040303010201202012
040303010207202012
040303011001202012
040303011007202012
040303012901202012
040303012907202012
040303013701202012
040303013707202012
040303014501202012
040303014507202012
040303015301202012
040303015307202012
040303016101202012
040303016107202012
040304001901202012
040304001907202012
040304002701202012
040304002707202012
040304005101202012
040304005107202012
040304006001202012
040304006007202012
040304007801202012
040304007807202012
040304008601202012
040304008607202012
040304009401202012
040304009407202012
040304010801202012
040304010807202012
040304011601202012
040304011607202012
040304012401202012
040304012407202012
040305003001202012
040305003003202012
040305003007202012
040305004901202012
040305004907202012
040305005701202012
040305006501202012
040305006507202012
040305007301202012
040305007307202012
040305009001202012
040305009007202012
040305009009202012
040305010301202012
040305010307202012
040305010309202012
040305011101202012
040305011107202012
040305012001202012
040305012007202012
040305013801202012
040305013807202012
040305014601202012
040305014607202012
040305015401202012
040305015407202012
040305016201202012
040306001001202012
040306001007202012
040306002801202012
040306002807202012
040306003601202012
040306003607202012
040306004401202012
040306004407202012
040306005201202012
040306005207202012
040306006001202012
040306006007202012
040306007901202012
040306007907202012
040306008701202012
040306008707202012
040306009501202012
040306009507202012
040307001501202012
040307004001202012
040307004007202012
040307005801202012
040307005807202012
040307008201202012
040307009001202012
040307010401202012
040307011201202012
040307012001202012
040307013901202012
040307013907202012
040307014701202012
040307014707202012
040307015501202012
040307015507202012
040307016301202012
040307016307202012
040308001001202012
040308002901202012
040308003701202012
040308004501202012
040308005301202012
040308005307202012
040308006101202012
040308007001202012
040308007007202012
040308008801202012
040308008807202012
040308009601202012
040308009607202012
040308010001202012
040401001601202012
040401001605202012
040401001609202012
040401002401202012
040401002407202012
040401002409202012
040401003201202012
040401003207202012
040401003209202012
040401004001202012
040401004007202012
040401004009202012
040401005901202012
040401005907202012
040401005909202012
040401006701202012
040401006707202012
040401006709202012
040401008301202012
040401008307202012
040401008309202012
040401010501202012
040401010507202012
040401010509202012
040401011301202012
040401011307202012
040401011309202012
040401012101202012
040401012107202012
040401012109202012
040401013001202012
040401013007202012
040401013009202012
040401014801202012
040401014807202012
040401014809202012
040401016401202012
040401016407202012
040401016409202012
040401017201202012
040401017207202012
040401018001202012
040401018007202012
040401019901202012
040401019907202012
040401020201202012
040401020207202012
040401021001202012
040401021007202012
040401021009202012
040401022901202012
040401022907202012
040401022909202012
040401023701202012
040401023707202012
040401023709202012
040401028801202012
040401028807202012
040401028809202012
040401031801202012
040401031807202012
040401031809202012
040401032601202012
040401032607202012
040401032609202012
040401033401202012
040401033407202012
040401033409202012
040401035001202012
040401035007202012
040401035009202012
040401037701202012
040401037707202012
040401037709202012
040401038501202012
040401038507202012
040401038509202012
040401040701202012
040401040707202012
040401040709202012
040401041501202012
040401041507202012
040401041509202012
040401043101202012
040401043107202012
040401045801202012
040401045807202012
040401046601202012
040401046607202012
040401046609202012
040401047401202012
040401047407202012
040401047409202012
040401048201202012
040401048207202012
040401048209202012
040401049001202012
040401049007202012
040401049009202012
040401050401202012
040401050407202012
040401050409202012
040401051201202012
040401051207202012
040401051209202012
040401052001202012
040401052007202012
040401052009202012
040401053901202012
040401053907202012
040401053909202012
040401054701202012
040401054707202012
040401055501202012
040401055507202012
040401055509202012
040401056301202012
040401056309202012
040401057101202012
040401057107202012
040401058001202012
040401058007202012
040401059801202012
040401059807202012
040401060101202012
040401060107202012
040401061001202012
040401061007202012
040401062801202012
040401062807202012
040401063601202012
040401063607202012
040401064401202012
040401064407202012
040401065201202012
040401065207202012
040402001101202012
040402001107202012
040402001109202012
040402003801202012
040402003807202012
040402003809202012
040402004601202012
040402004607202012
040402004609202012
040402006201202012
040402006207202012
040402007001202012
040402007007202012
040402007009202012
040402008901202012
040402008907202012
040402008909202012
040402010001202012
040402010003202012
040402010007202012
040402010009202012
040402011901202012
040402011907202012
040402011909202012
040402013501202012
040402013507202012
040402014301202012
040402014307202012
040402014309202012
040402017801202012
040402017807202012
040402020801202012
040402020807202012
040402020809202012
040402022401202012
040402022407202012
040402023201202012
040402023207202012
040402023209202012
040402024001202012
040402024007202012
040402024009202012
040402027501202012
040402027507202012
040402029101202012
040402029107202012
040402031301202012
040402031307202012
040402031309202012
040402032101202012
040402032107202012
040402032109202012
040402034801202012
040402034807202012
040402034809202012
040402035601202012
040402035607202012
040402035609202012
040402038001202012
040402038007202012
040402039901202012
040402039907202012
040402039909202012
040402042901202012
040402042907202012
040402042909202012
040402045301202012
040402045307202012
040402045309202012
040402046101202012
040402046107202012
040402046109202012
040402047001202012
040402047007202012
040402047009202012
040402048801202012
040402048807202012
040402048809202012
040402049601202012
040402049607202012
040402050001202012
040402050007202012
040402051801202012
040402051807202012
040402051809202012
040402052601202012
040402052607202012
040402053401202012
040402053407202012
040402054201202012
040402054207202012
040402054209202012
040402055001202012
040402055007202012
040402056901202012
040402056907202012
040402056909202012
040402057701202012
040402057707202012
040402057709202012
040402058501202012
040402058507202012
040402059301202012
040402059307202012
040402060701202012
040402060707202012
040402064001202012
040402064007202012
040402064009202012
040402065801202012
040402065807202012
040402065809202012
040402066601202012
040402066607202012
040402066609202012
040402069001202012
040402069007202012
040402070401202012
040402070407202012
040402071201202012
040402071207202012
040402071209202012
040402072001202012
040402072007202012
040402073901202012
040402073907202012
040402077101202012
040402077107202012
040402077109202012
040402078001202012
040402078007202012
040403001701202012
040403001707202012
040403001709202012
040403003301202012
040403003307202012
040403004101202012
040403004107202012
040403004109202012
040403005001202012
040403005007202012
040403005009202012
040403006801202012
040403006807202012
040403006809202012
040403007601202012
040403007607202012
040403007609202012
040403008401202012
040403008407202012
040403008409202012
040403010601202012
040403010607202012
040403010609202012
040403012201202012
040403012207202012
040403012209202012
040403013001202012
040403013007202012
040403013009202012
040403015701202012
040403015707202012
040403015709202012
040403016501202012
040403016507202012
040403016509202012
040403017301202012
040403017307202012
040403017309202012
040403019001202012
040403019007202012
040403019009202012
040403022001202012
040403022007202012
040403022009202012
040403024601202012
040403024607202012
040403024609202012
040403025401202012
040403025407202012
040403025409202012
040403026201202012
040403026207202012
040403026209202012
040403027001202012
040403027007202012
040403027009202012
040403028901202012
040403028907202012
040403029701202012
040403029707202012
040403030001202012
040403030007202012
040403031901202012
040403031907202012
040403031909202012
040403032701202012
040403032707202012
040501001001202012
040501001007202012
040501001009202012
040501002801202012
040501002807202012
040501002809202012
040501003601202012
040501003607202012
040501003609202012
040501007901202012
040501007907202012
040501007909202012
040501008701202012
040501008707202012
040501008709202012
040501011701202012
040501011707202012
040501011709202012
040501012501202012
040501012507202012
040501012509202012
040501013301202012
040501013307202012
040501013309202012
040501015001202012
040501015007202012
040501015009202012
040501017601202012
040501017607202012
040501017609202012
040502001501202012
040502001507202012
040502001509202012
040502002301202012
040502002307202012
040502002309202012
040503001001202012
040503001007202012
040503001009202012
040503002901202012
040503002907202012
040503002909202012
040503007001202012
040503007007202012
040503007009202012
040503009601202012
040503009607202012
040503009609202012
040503011801202012
040503011807202012
040503011809202012
040503013401202012
040503013407202012
040503013409202012
040503014201202012
040503014207202012
040503014209202012
040503016901202012
040503016907202012
040503016909202012
040503017701202012
040503017707202012
040503017709202012
040503018501202012
040503018507202012
040503019301202012
040503019307202012
040503020701202012
040503020707202012
040503020709202012
040504001601202012
040504001607202012
040504001609202012
040504002401202012
040504002407202012
040504002409202012
040504004001202012
040504004007202012
040504004009202012
040504005901202012
040504005907202012
040504005909202012
040504006701202012
040504006707202012
040504006709202012
040504007501202012
040504007507202012
040504007509202012
040504008301202012
040504008307202012
040504008309202012
040504009101202012
040504009107202012
040504009109202012
040504010501202012
040504010507202012
040504010509202012
040504014801202012
040504014807202012
040504014809202012
040504015601202012
040504015607202012
040504015609202012
040504016401202012
040504016407202012
040504016409202012
040504018001202012
040504018007202012
040504020201202012
040504020207202012
040504020209202012
040504021001202012
040504021007202012
040504021009202012
040505001101202012
040505001107202012
040505001109202012
040505004601202012
040505004607202012
040505004609202012
040505005401202012
040505005407202012
040505005409202012
040505009701202012
040505009707202012
040505009709202012
040505010001202012
040505010007202012
040505010009202012
040505011901202012
040505011907202012
040505011909202012
040505013501202012
040505013507202012
040505013509202012
040505014301202012
040505014307202012
040505014309202012
040505015101202012
040505015107202012
040505015109202012
040505018601202012
040505018607202012
040505018609202012
040505021601202012
040505021607202012
040505021609202012
040505022401202012
040505022407202012
040505022409202012
040505023201202012
040505023207202012
040505023209202012
040505031301202012
040505031307202012
040505031309202012
040505032101202012
040505032107202012
040505032109202012
040505035601202012
040505035607202012
040505035609202012
040505037201202012
040505037207202012
040505037209202012
040505038001202012
040505038007202012
040505038009202012
040505039901202012
040505039907202012
040505039909202012
040505040201202012
040505040209202012
040601001301202012
040601001307202012
040601002101202012
040601003001202012
040601004801202012
040601005601202012
040601006401202012
040601007201202012
040601007207202012
040601008001202012
040601009901202012
040601010201202012
040601010207202012
040601011001202012
040601011007202012
040601013701202012
040601013707202012
040601015301202012
040601015307202012
040601016101202012
040601017001202012
040601017007202012
040601018801202012
040601019601202012
040601019607202012
040601020001202012
040601020007202012
040601021801202012
040601021807202012
040601022601202012
040601022607202012
040601023401202012
040601024201202012
040601025001202012
040601025007202012
040601026901202012
040601026907202012
040601027701202012
040601027707202012
040601028501202012
040601028507202012
040601029301202012
040601030701202012
040601031501202012
040601032301202012
040601033101202012
040601033107202012
040601034001202012
040601035801202012
040601036601202012
040601036607202012
040601037401202012
040601037407202012
040601038201202012
040601039001202012
040601039007202012
040601040401202012
040601041201202012
040601041207202012
040601042001202012
040601042007202012
040601043901202012
040601044701202012
040601044707202012
040601045501202012
040601046301202012
040601046307202012
040601047101202012
040601047107202012
040601048001202012
040601049801202012
040601049807202012
040601050101202012
040601051001202012
040601051007202012
040601052801202012
040601052807202012
040601053601202012
040601054401202012
040601055201202012
040601056001202012
040601056007202012
040601056009202012
040601057901202012
040601058701202012
040601058709202012
040601059501202012
040601060901202012
040601061701202012
040601062501202012
040601063301202012
040601063309202012
040601064101202012
040601064107202012
040601064109202012
040601065001202012
040601065009202012
040601066801202012
040601066807202012
040601066809202012
040601067601202012
040601067607202012
040601067609202012
040601068401202012
040601068407202012
040601068409202012
040601069201202012
040601069207202012
040601070601202012
040601071401202012
040601071407202012
040601071409202012
040601073001202012
040601075701202012
040601075707202012
040601076501202012
040601076507202012
040601077301202012
040601077307202012
040601078101202012
040601078107202012
040601079001202012
040601079009202012
040601080301202012
040601080307202012
040601081101202012
040601082001202012
040601082007202012
040601083801202012
040601084601202012
040601085401202012
040601085409202012
040601086201202012
040601086209202012
040601087001202012
040601087009202012
040601088901202012
040601089701202012
040601090001202012
040601090007202012
040601091901202012
040601091907202012
040601091909202012
040601092701202012
040601093501202012
040601094301202012
040601095101202012
040601096001202012
040601096003202012
040601096007202012
040601097801202012
040601097803202012
040601097807202012
040601098601202012
040601099401202012
040601100101202012
040601100109202012
040601101001202012
040601101009202012
040601102801202012
040601102809202012
040601103601202012
040601103609202012
040601104401202012
040601104407202012
040601104409202012
040601105201202012
040601105209202012
040601107901202012
040601108701202012
040601108709202012
040601109501202012
040601109509202012
040601110901202012
040601110909202012
040601111701202012
040601111709202012
040601112501202012
040601112509202012
040601113301202012
040601113307202012
040601113309202012
040601114101202012
040601114109202012
040601115001202012
040601115007202012
040601115009202012
040601116801202012
040601116809202012
040601117601202012
040601117609202012
040601118401202012
040601118409202012
040601119201202012
040601119209202012
040601120601202012
040601121401202012
040601121407202012
040601122201202012
040601122207202012
040601123001202012
040601124901202012
040601125701202012
040601126501202012
040601126507202012
040601127301202012
040601127307202012
040601128101202012
040601128107202012
040601129001202012
040601129007202012
040601130301202012
040601130307202012
040601131101202012
040601131107202012
040601132001202012
040601132007202012
040601133801202012
040601133807202012
040601134601202012
040601134607202012
040601135401202012
040601135407202012
040601136201202012
040601136207202012
040601137001202012
040601137007202012
040601138901202012
040601138907202012
040601139701202012
040601139707202012
040601140001202012
040601140007202012
040601141901202012
040601141907202012
040601142701202012
040601142707202012
040601143501202012
040601143507202012
040601144301202012
040601144307202012
040601145101202012
040601145107202012
040601146001202012
040601146007202012
040601147801202012
040601147807202012
040601148601202012
040601148607202012
040601149401202012
040601149407202012
040601150801202012
040601150807202012
040601151601202012
040601151607202012
040602001901202012
040602001907202012
040602002701202012
040602002707202012
040602003501202012
040602003507202012
040602004301202012
040602004307202012
040602005101202012
040602005107202012
040602007801202012
040602007807202012
040602007809202012
040602010801202012
040602011601202012
040602011607202012
040602011609202012
040602012401202012
040602012407202012
040602015901202012
040602015907202012
040602015909202012
040602016701202012
040602016707202012
040602016709202012
040602019101202012
040602019107202012
040602021301202012
040602022101202012
040602023001202012
040602024801202012
040602024807202012
040602025601202012
040602025607202012
040602026401202012
040602026407202012
040602027201202012
040602027207202012
040602028001202012
040602028007202012
040602030201202012
040602030207202012
040602031001202012
040602031007202012
040602032901202012
040602032907202012
040602033701202012
040602033707202012
040602034501202012
040602034507202012
040602035301202012
040602035307202012
040602036101202012
040602036107202012
040602037001202012
040602037007202012
040602038801202012
040602038807202012
040602039601202012
040602039607202012
040602040001202012
040602040007202012
040602041801202012
040602041807202012
040602042601202012
040602042607202012
040602043401202012
040602043407202012
040602044201202012
040602044207202012
040602045001202012
040602046901202012
040602046907202012
040602047701202012
040602047707202012
040602048501202012
040602048507202012
040602049301202012
040602049307202012
040602050701202012
040602050707202012
040602051501202012
040602051507202012
040602052301202012
040602053101202012
040602053107202012
040602054001202012
040602054007202012
040602055801202012
040602055807202012
040602056601202012
040602056607202012
040602056609202012
040602057401202012
040602057407202012
040602057409202012
040602058201202012
040602058207202012
040602059001202012
040602059007202012
040602060401202012
040602060407202012
040602060409202012
040602062001202012
040602062003202012
040602062007202012
040602062009202012
040603001401202012
040603002201202012
040603003001202012
040603004901202012
040603005701202012
040603005707202012
040603006501202012
040603007301202012
040603008101202012
040603008107202012
040603009001202012
040603009007202012
040603010301202012
040603010307202012
040603011101202012
040603011107202012
040603012001202012
040603012007202012
040603013801202012
040603013807202012
040603014601202012
040603014607202012
040603015401202012
040603015407202012
040604001001202012
040604001007202012
040604002801202012
040604002807202012
040604004401202012
040604004407202012
040604005201202012
040604005207202012
040604006001202012
040604006007202012
040604007901202012
040604007907202012
040604008701202012
040604009501202012
040604010901202012
040604010907202012
040604011701202012
040604011707202012
040604012501202012
040604012507202012
040604013301202012
040604014101202012
040604014107202012
040604015001202012
040604016801202012
040604017601202012
040604018401202012
040604019201202012
040604019207202012
040604020601202012
040604020607202012
040604020609202012
040604021401202012
040604021407202012
040604022201202012
040604022207202012
040604023001202012
040604023007202012
040604024901202012
040604024907202012
040604025701202012
040604025707202012
040604025709202012
040604026501202012
040604026507202012
040604027301202012
040604027307202012
040604027309202012
040604028101202012
040604029001202012
040604029007202012
040604029009202012
040604030301202012
040604030307202012
040604030309202012
040604031101202012
040604031107202012
040604031109202012
040604032001202012
040604032007202012
040604033801202012
040604033807202012
040605001501202012
040605001507202012
040605001509202012
040605002301202012
040605002307202012
040605002309202012
040605003101202012
040605003107202012
040605003109202012
040605004001202012
040605004007202012
040605004009202012
040605005801202012
040605005807202012
040605005809202012
040605006601202012
040605006607202012
040605006609202012
040605007401202012
040605007407202012
040605007409202012
040605008201202012
040605008207202012
040605008209202012
040605009001202012
040605009007202012
040605010401202012
040605010407202012
040605011201202012
040605012001202012
040605012007202012
040605012009202012
040605013901202012
040605013907202012
040605013909202012
040701001701202012
040701001707202012
040701003301202012
040701003307202012
040701004101202012
040701005001202012
040701005007202012
040701006801202012
040701006807202012
040701007601202012
040701008401202012
040701008407202012
040701009201202012
040701009207202012
040701010601202012
040701010607202012
040701011401202012
040701011407202012
040701012201202012
040701013001202012
040701014901202012
040701015701202012
040701015707202012
040701016501202012
040701016507202012
040701017301202012
040701018101202012
040701019001202012
040701019007202012
040701020301202012
040701020307202012
040701021101202012
040701021107202012
040701021109202012
040701022001202012
040701022007202012
040701022009202012
040701023801202012
040701023807202012
040701027001202012
040701027007202012
040701028901202012
040701029701202012
040701029707202012
040701030001202012
040701033501202012
040701033507202012
040701034301202012
040701034307202012
040701035101202012
040701035107202012
040701036001202012
040701037801202012
040701038601202012
040702001201202012
040702002001202012
040702003901202012
040702003907202012
040702004701202012
040702004707202012
040702006301202012
040702006307202012
040702007101202012
040702007107202012
040702008001202012
040702008007202012
040702009801202012
040702009807202012
040702010101202012
040702010107202012
040702011001202012
040702011007202012
040702011009202012
040702013601202012
040702013607202012
040702013609202012
040702014401202012
040702014407202012
040702014409202012
040702015201202012
040702015207202012
040702017901202012
040702017907202012
040702018701202012
040702018707202012
040702019501202012
040702019507202012
040702020901202012
040702020907202012
040702021701202012
040702021709202012
040702022501202012
040702022507202012
040702022509202012
040702023301202012
040702023307202012
040702024101202012
040702024107202012
040702025001202012
040702025007202012
040702026801202012
040702026807202012
040702026809202012
040702027601202012
040702027607202012
040702027609202012
040702028401202012
040702028407202012
040702028409202012
040702029201202012
040702029207202012
040702030601202012
040702030607202012
040702032201202012
040702032207202012
040702032209202012
040702033001202012
040702034901202012
040702035701202012
040702036501202012
040702036507202012
040702038101202012
040702038107202012
040702040301202012
040702040307202012
040702041101202012
040702041107202012
040702042001202012
040702042007202012
040702043801202012
040702043807202012
040702044601202012
040702044607202012
040702045401202012
040702045407202012
040702045409202012
040702046201202012
040702046207202012
040702047001202012
040702047007202012
040702047009202012
040703001801202012
040703001807202012
040703002601202012
040703002607202012
040703003401202012
040703003407202012
040703003409202012
040703004201202012
040703004207202012
040703005001202012
040703005007202012
040703006901202012
040703006907202012
040703007701202012
040703007707202012
040703007709202012
040703012301202012
040703012307202012
040703013101202012
040703013107202012
040703014001202012
040703014007202012
040703015801202012
040703015807202012
040703016601202012
040703016607202012
040703017401202012
040703017407202012
040703018201202012
040703018207202012
040703019001202012
040703019007202012
040703020401202012
040703021201202012
040703022001202012
040703024701202012
040704001301202012
040704001307202012
040704002101202012
040704002107202012
040704003001202012
040704003007202012
040704004801202012
040704004807202012
040704005601202012
040704005607202012
040704006401202012
040704006407202012
040704006409202012
040704007201202012
040704007207202012
040704007209202012
040704008001202012
040704008007202012
040704008009202012
040704009901202012
040704009907202012
040704009909202012
040704010201202012
040704010207202012
040704010209202012
040704011001202012
040704011007202012
040704011009202012
040704012901202012
040704012907202012
040704012909202012
040704013701202012
040704013707202012
040704013709202012
040704014501202012
040704014507202012
040704014509202012
040704015301202012
040704015307202012
040704015309202012
040704016101202012
040704016107202012
040704017001202012
040704017007202012
040704017009202012
040704018801202012
040704018807202012
040704020001202012
040704020007202012
040704022601202012
040704022607202012
040704022609202012
040704023401202012
040704023407202012
040704024201202012
040704024207202012
040704025001202012
040704025007202012
040704026901202012
040704026907202012
040801001001202012
040801001007202012
040801002901202012
040801002907202012
040801003701202012
040801003707202012
040801004501202012
040801005301202012
040801006101202012
040801007001202012
040801007007202012
040801008801202012
040801008807202012
040801009601202012
040801009607202012
040801009609202012
040801010001202012
040801010007202012
040801010009202012
040801011801202012
040801011807202012
040801011809202012
040801013401202012
040801013407202012
040801013409202012
040801014201202012
040801014207202012
040801014209202012
040801015001202012
040801015007202012
040801015009202012
040801016901202012
040801016907202012
040801017701202012
040801017707202012
040801018501202012
040801018507202012
040801018509202012
040801019301202012
040801019307202012
040801020701202012
040801020707202012
040801020709202012
040801021501202012
040801021509202012
040801022301202012
040801022307202012
040801022309202012
040801023101202012
040801023109202012
040802001601202012
040802001607202012
040802002401202012
040802002407202012
040802003201202012
040802003207202012
040802004001202012
040802005901202012
040802006701202012
040802007501202012
040802008301202012
040802009101202012
040802010501202012
040802010507202012
040802010509202012
040802011301202012
040802011307202012
040802012101202012
040802012107202012
040802012109202012
040802013001202012
040802013007202012
040802014801202012
040802014807202012
040802014809202012
040802015601202012
040802015607202012
040802016401202012
040802016407202012
040802016409202012
040802017201202012
040802017207202012
040802017209202012
040802018001202012
040802018007202012
040802018009202012
040802019901202012
040802019907202012
040802019909202012
040802020201202012
040802020207202012
040802020209202012
040802021001202012
040802021007202012
040802022901202012
040802022907202012
040802022909202012
040802024501202012
040802024507202012
040802024509202012
040802025301202012
040802025307202012
040802026101202012
040802026107202012
040802027001202012
040802027007202012
040802028801202012
040802028807202012
040802029601202012
040802029607202012
040802029609202012
040802030001202012
040802030007202012
040802030009202012
040802031801202012
040802031807202012
040802031809202012
040802032601202012
040802032607202012
040802032609202012
040802033401202012
040802033407202012
040802034201202012
040802034207202012
040802034209202012
040802035001202012
040802035007202012
040802036901202012
040802036907202012
040802037701202012
040802037707202012
040802037709202012
040802038501202012
040802038507202012
040802039301202012
040802039307202012
040802040701202012
040802040707202012
040802041501202012
040802041507202012
040802042301202012
040802042307202012
040802043101202012
040802043107202012
040802044001202012
040802044007202012
040802044009202012
040802045801202012
040802045807202012
040802046601202012
040802046607202012
040802047401202012
040802047407202012
040802047409202012
040802048201202012
040802048207202012
040802048209202012
040802049001202012
040802049007202012
040802049009202012
040802050401202012
040802050407202012
040802050409202012
040802051201202012
040802051207202012
040802051209202012
040802052001202012
040802052007202012
040802052009202012
040802053901202012
040802053907202012
040802053909202012
040802054701202012
040802054707202012
040802055501202012
040802055507202012
040802055509202012
040802056301202012
040802056307202012
040802057101202012
040802057107202012
040802058001202012
040802058007202012
040802059801202012
040802059807202012
040802059809202012
040802060101202012
040802060107202012
040802060109202012
040802061001202012
040802061007202012
040802061009202012
040802062801202012
040802062807202012
040802062809202012
040802063601202012
040802063607202012
040802063609202012
040802064401202012
040802064407202012
040802064409202012
040803001101202012
040803001107202012
040803002001202012
040803002007202012
040803003801202012
040803003807202012
040803004601202012
040803005401202012
040803005407202012
040803006201202012
040803006207202012
040803007001202012
040803007007202012
040803008901202012
040803008907202012
040803009701202012
040803009707202012
040803010001202012
040803010007202012
040803011901202012
040803011907202012
040803012701202012
040803012707202012
040803013501202012
040803014301202012
040803015101202012
040803016001202012
040803017801202012
040803017807202012
040803018601202012
040803019401202012
040803020801202012
040803021601202012
040803022401202012
040803023201202012
040803023207202012
040803024001202012
040803024007202012
040803025901202012
040803025907202012
040803026701202012
040803026707202012
040803027501202012
040803027507202012
040803028301202012
040803028307202012
040803029101202012
040803029107202012
040803030501202012
040803030507202012
040803031301202012
040803031307202012
040803032101202012
040803032107202012
040803033001202012
040803033007202012
040803034801202012
040803034807202012
040803035601202012
040803036401202012
040803036407202012
040803037201202012
040803037207202012
040803038001202012
040803038007202012
040803039901202012
040803039907202012
040803040201202012
040803040207202012
040803041001202012
040803041007202012
040803042901202012
040803042907202012
040803043701202012
040803043707202012
040803044501202012
040803044507202012
040803045301202012
040803045307202012
040803046101202012
040803046107202012
040803047001202012
040803047007202012
040803050001202012
040803050007202012
040803051801202012
040803051807202012
040803052601202012
040803052607202012
040803053401202012
040803053407202012
040803054201202012
040803054207202012
040803055001202012
040803055007202012
040803056901202012
040803056907202012
040803057701202012
040803057707202012
040803058501202012
040803058507202012
040803059301202012
040803059307202012
040803060701202012
040803060707202012
040803061501202012
040803061507202012
040803062301202012
040803062307202012
040803063101202012
040803063107202012
040803064001202012
040803064007202012
040803065801202012
040803065807202012
040803066601202012
040803066607202012
040803067401202012
040803067407202012
040803068201202012
040803068207202012
040803069001202012
040803069007202012
040803070401202012
040803071201202012
040803071207202012
040803072001202012
040803072007202012
040803073901202012
040803073907202012
040803074701202012
040803074707202012
040803075501202012
040803075507202012
040803075509202012
040803076301202012
040803076307202012
040803077101202012
040803077107202012
040803078001202012
040803079801202012
040803080101202012
040803080107202012
040803081001202012
040803081007202012
040803082801202012
040803082807202012
040803083601202012
040803083607202012
040803084401202012
040803084407202012
040803085201202012
040803085207202012
040803086001202012
040803086007202012
040803087901202012
040803087907202012
040803088701202012
040803088707202012
040803089501202012
040803089507202012
040803090901202012
040803090907202012
040803091701202012
040803091707202012
040804001701202012
040804001707202012
040804002501202012
040804002507202012
040804003301202012
040804003307202012
040804004101202012
040804004107202012
040804005001202012
040804006801202012
040804007601202012
040804008401202012
040804009201202012
040804010601202012
040804010607202012
040804011401202012
040804011407202012
040804012201202012
040804012207202012
040804013001202012
040804013007202012
040804014901202012
040804014907202012
040804015701202012
040804015707202012
040804016501202012
040804016507202012
040804017301202012
040804017307202012
040804018101202012
040804018107202012
040804018109202012
040804019001202012
040804019007202012
040804019009202012
040804020301202012
040804020307202012
040804022001202012
040804022007202012
040804023801202012
040804023807202012
040804024601202012
040804024607202012
040804025401202012
040804025407202012
040804026201202012
040804026207202012
040804027001202012
040804027007202012
040804028901202012
040804028907202012
040804029701202012
040804029707202012
040804030001202012
040804030007202012
040804031901202012
040804031907202012
040804032701202012
040804032707202012
040804033501202012
040804033507202012
040804034301202012
040804034307202012
040805001201202012
040805001207202012
040805002001202012
040805002007202012
040805003901202012
040805003907202012
040805004701202012
040805004707202012
040805005501202012
040805006301202012
040805007101202012
040805008001202012
040805008007202012
040805010101202012
040805010107202012
040805011001202012
040805011007202012
040805012801202012
040805012807202012
040805013601202012
040805013607202012
040805014401202012
040805014407202012
040805014409202012
040805015201202012
040805015207202012
040805016001202012
040805016007202012
040805016009202012
040805017901202012
040805017907202012
040805019501202012
040805019507202012
040805019509202012
040805020901202012
040805020907202012
040805020909202012
040805021701202012
040805021707202012
040805021709202012
040805022501202012
040805022507202012
040805022509202012
040805023301202012
040805023307202012
040805024101202012
040805024107202012
040805024109202012
040805025001202012
040805025007202012
040805025009202012
040805026801202012
040805026807202012
040805026809202012
040805027601202012
040805027607202012
040805027609202012
040805028401202012
040805028407202012
040805028409202012
040805029201202012
040805029207202012
040805029209202012
040805030601202012
040805030607202012
040805031401202012
040805031407202012
040805032201202012
040805032207202012
040805032209202012
040805033001202012
040805033007202012
040805034901202012
040805034907202012
040805034909202012
040805035701202012
040805035707202012
040805035709202012
040805036501202012
040805036507202012
040805037301202012
040805037307202012
040805037309202012
040805038101202012
040805038107202012
040805039001202012
040805039007202012
040805039009202012
040805040301202012
040805041101202012
040805041107202012
040805042001202012
040805042007202012
040805043801202012
040805043807202012
040805044601202012
040805044607202012
040805044609202012
040805045401202012
040805045407202012
040805046201202012
040805046207202012
040805047001202012
040805047007202012
040805048901202012
040805048907202012
040805049701202012
040805049707202012
040805050001202012
040805050007202012
040805051901202012
040805051907202012
040805052701202012
040805052707202012
040805053501202012
040805053507202012
040805054301202012
040805054307202012
040805055101202012
040805055107202012
040805056001202012
040805056007202012
040805057801202012
040805057807202012
040805058601202012
040805058607202012
040805059401202012
040805059407202012
040805060801202012
040805060807202012
040805061601202012
040805061607202012
040805062401202012
040805062407202012
040805063201202012
040805063207202012
040805064001202012
040805064007202012
040805064009202012
040805065901202012
040805065907202012
040805065909202012
040805066701202012
040805066709202012
040805067501202012
040805067507202012
040805068301202012
040805068307202012
040805069101202012
040805069107202012
040805069109202012
040805070501202012
040805070507202012
040805071301202012
040805071307202012
040805072101202012
040805072107202012
040805073001202012
040805073007202012
040805073009202012
040805074801202012
040805074807202012
040805074809202012
040805075601202012
040805075607202012
040805075609202012
040805076401202012
040805076407202012
040805076409202012
040805077201202012
040805077207202012
040805078001202012
040805078007202012
040805079901202012
040805079907202012
040805080201202012
040805080207202012
040805081001202012
040805081007202012
040805082901202012
040805082907202012
040805082909202012
040805083701202012
040805083707202012
040805084501202012
040805084507202012
040805085301202012
040805085307202012
040805086101202012
040805086107202012
040805087001202012
040805087007202012
040805088801202012
040805088807202012
040805088809202012
040805089601202012
040805089607202012
040805089609202012
040805090001202012
040805091801202012
040805091807202012
040805091809202012
040805092601202012
040805092607202012
040805092609202012
040806001801202012
040806001807202012
040806001809202012
040806002601202012
040806002607202012
040806003401202012
040806003407202012
040806004201202012
040806004207202012
040806004209202012
040806005001202012
040806005007202012
040806005009202012
040806006901202012
040806006907202012
040806007701202012
040806007707202012
040806008501202012
040806008507202012
040806008509202012
040806009301202012
040806009307202012
040806010701202012
040806010707202012
040806011501202012
040806011507202012
040806011509202012
040806012301202012
040806012307202012
040806012309202012
040806013101202012
040806013107202012
040806013109202012
040806014001202012
040806014007202012
040806014009202012
040806015801202012
040806015807202012
040806015809202012
040806016601202012
040806016607202012
040806017401202012
040806017407202012
040806018201202012
040806018207202012
040806019001202012
040806019007202012
040806020401202012
040806020407202012
040806020409202012
040806021201202012
040806021207202012
040806021209202012
040806023901202012
040806023907202012
040806024701202012
040806024707202012
040806025501202012
040806025507202012
040806026301202012
040806026307202012
040806027101202012
040806027107202012
040806028001202012
040806028007202012
040806029801202012
040806029807202012
040806029809202012
040806030101202012
040806030107202012
040806030109202012
040806031001202012
040806031007202012
040806031009202012
040806032801202012
040806032807202012
040806032809202012
040806033601202012
040806033607202012
040806033609202012
040806034401202012
040806034407202012
040806034409202012
040806035201202012
040806035207202012
040806035209202012
040806036001202012
040806036007202012
040806036009202012
040806037901202012
040806037907202012
040806037909202012
040806038701202012
040806038707202012
040806039501202012
040806039507202012
040806039509202012
040806040901202012
040806040907202012
040806040909202012
040806041701202012
040806041707202012
040806041709202012
040806042501202012
040806042507202012
040806042509202012
040806043301202012
040806043307202012
040806043309202012
040806044101202012
040806044107202012
040806044109202012
040806045001202012
040806045007202012
040806045009202012
040806046801202012
040806046807202012
040806046809202012
040806047601202012
040806047607202012
040806047609202012
040806048401202012
040806048407202012
040806048409202012
040806049201202012
040806049207202012
040806050601202012
040806050607202012
040806051401202012
040806051407202012
040806052201202012
040806052207202012
040806053001202012
040806053007202012
040806053009202012
040806054901202012
040806054907202012
040806054909202012
040806055701202012
040806055707202012
040806056501202012
040806056507202012
040806056509202012
040806057301202012
040806057307202012
040806057309202012
040806058101202012
040806058107202012
040806058109202012
040806059001202012
040806059007202012
040806060301202012
040806060307202012
040806060309202012
040806061101202012
040806062001202012
040806062007202012
040806063801202012
040806063807202012
040806063809202012
040806064601202012
040806064607202012
040806066201202012
040806066207202012
040806067001202012
040806067007202012
040806067009202012
040806069701202012
040806069707202012
040806070001202012
040806070007202012
040806070009202012
040901001401202012
040901001407202012
040901002201202012
040901002207202012
040901003001202012
040901003007202012
040901004901202012
040901004907202012
040901005701202012
040901005707202012
040901006501202012
040901006507202012
040901006509202012
040901007301202012
040901007307202012
040901008101202012
040901008107202012
040901009001202012
040901009007202012
040901009009202012
040901012001202012
040901012007202012
040901012009202012
040901013801202012
040901013807202012
040901014601202012
040901014607202012
040901014609202012
040901017001202012
040901017007202012
040901017009202012
040901018901202012
040901018907202012
040901019701202012
040901019707202012
040901020001202012
040901020007202012
040901021901202012
040901022701202012
040901022707202012
040901023501202012
040901023507202012
040901024301202012
040901024307202012
040901025101202012
040901025107202012
040901026001202012
040901026007202012
040901028601202012
040901028607202012
040901029401202012
040901029407202012
040901030801202012
040901030807202012
040901031601202012
040901031607202012
040901032401202012
040901032407202012
040901033201202012
040901033207202012
040901034001202012
040901034007202012
040901036701202012
040901036707202012
040901037501202012
040901037507202012
040901037509202012
040901038301202012
040901038307202012
040901038309202012
040901039101202012
040901039107202012
040901039109202012
040901040501202012
040901040507202012
040901041301202012
040901041307202012
040901043001202012
040901043007202012
040901043009202012
040901045601202012
040901045607202012
040901046401202012
040901046407202012
040901047201202012
040901047207202012
040901048001202012
040901048007202012
040901048009202012
040901049901202012
040901050201202012
040901050207202012
040901051001202012
040901051007202012
040901051009202012
040901052901202012
040901052907202012
040901053701202012
040901053707202012
040901054501202012
040901054507202012
040901055301202012
040901055307202012
040901056101202012
040901056107202012
040901057001202012
040901057007202012
040901058801202012
040901058807202012
040902001001202012
040902001007202012
040902001009202012
040902002801202012
040902002807202012
040902002809202012
040902004401202012
040902004407202012
040902004409202012
040902005201202012
040902005207202012
040902007901202012
040902007907202012
040902007909202012
040902008701202012
040902008707202012
040902008709202012
040902009501202012
040902009507202012
040902009509202012
040902010901202012
040902010907202012
040902010909202012
040902012501202012
040902012507202012
040902012509202012
040902013301202012
040902013307202012
040902013309202012
040902014101202012
040902014107202012
040902014109202012
040902015001202012
040902015007202012
040902015009202012
040902016801202012
040902016807202012
040902016809202012
040902017601202012
040902017607202012
040902017609202012
040903001501202012
040903001509202012
040903002301202012
040903003101202012
040903004001202012
040904001001202012
040904001007202012
040904001009202012
040904003701202012
040904003707202012
040904003709202012
040904004501202012
040904004507202012
040904005301202012
040904005307202012
040904005309202012
040904007001202012
040904007007202012
040904007009202012
040904008801202012
040904008807202012
040904008809202012
040904009601202012
040904009607202012
040904009609202012
040904011801202012
040904011807202012
040904011809202012
040904012601202012
040904012607202012
040904012609202012
040904013401202012
040904013407202012
040904013409202012
040904014201202012
040904014209202012
040904015001202012
040904015007202012
040904015009202012
040904016901202012
040904016907202012
040904016909202012
040904017701202012
040904017707202012
040904017709202012
040904018501202012
040904018507202012
040904018509202012
040904019301202012
040904019307202012
040904019309202012
040904020701202012
040904020707202012
040904020709202012
040904021501202012
040904021507202012
040904021509202012
040904022301202012
040904022309202012
040904023101202012
040904023107202012
040904023109202012
040904024001202012
040904024009202012
040905001601202012
040905001607202012
040905002401202012
040905002407202012
040905002409202012
040905003201202012
040905003209202012
040905004001202012
040905004007202012
040905004009202012
040905007501202012
040905007507202012
040905007509202012
040905008301202012
040905008307202012
040905008309202012
040905009101202012
040905009107202012
040905009109202012
040905010501202012
040905010507202012
040905010509202012
040905011301202012
040905011307202012
040905011309202012
040905013001202012
040905014801202012
040906001101202012
040906001102202012
040906001107202012
040906001109202012
040906002001202012
040906003801202012
040906003809202012
040906004601202012
040906004607202012
040906004609202012
040906005401202012
040906005402202012
040906005409202012
040906007001202012
040906007002202012
040906007009202012
040906010001202012
040906010007202012
040906011901202012
040906011907202012
040906012701202012
040906012707202012
040906013501202012
040906013507202012
040906014301202012
040906014307202012
040906015101202012
040906015107202012
040906016001202012
040906016007202012
040906017801202012
040906017807202012
040906017809202012
040906018601202012
040906018609202012
040906019401202012
040906019407202012
040906019409202012
040906020801202012
040906020807202012
040906020809202012
040906021601202012
040906021607202012
040906021609202012
040906022401202012
040906022407202012
040906022409202012
040906023201202012
040906023202202012
040906023207202012
040906023209202012
040906024001202012
040906024002202012
040906024007202012
040906024009202012
040906025901202012
040906025902202012
040906025907202012
040906025909202012
040906026701202012
040906026702202012
040906026707202012
040906026709202012
040906027501202012
040906027507202012
040906027509202012
040906028301202012
040906028307202012
040906029101202012
040907001701202012
040907001709202012
040907002501202012
040907002509202012
040907003301202012
040907003309202012
040907004101202012
040907004109202012
040907005001202012
040907006801202012
040907006809202012
040907007601202012
040907007609202012
040907008401202012
040907008409202012
040907009201202012
040907009207202012
040907009209202012
040907010601202012
040907010607202012
040907010609202012
040907011401202012
040907011407202012
040907013001202012
040907013007202012
040907013009202012
040907014901202012
040907014907202012
040907014909202012
040907015701202012
040907015707202012
040907015709202012
040907019001202012
040907019009202012
040907020301202012
040907021101202012
040907021107202012
040907022001202012
040907022007202012
040907022009202012
040907023801202012
040907023807202012
040907024601202012
040907024607202012
040907025401202012
040907025407202012
040907026201202012
040907026207202012
040907026209202012
040907027001202012
040907027009202012
040907028901202012
040907028907202012
040907028909202012
040907029701202012
040907030001202012
040907030009202012
040907031901202012
041001001401202012
041001001407202012
041001001409202012
041001005701202012
041001006501202012
041001006507202012
041001006509202012
041001007301202012
041001007307202012
041001007309202012
041001008101202012
041001008107202012
041001008109202012
041001009001202012
041001009009202012
041001011101202012
041001011107202012
041001011109202012
041001012001202012
041001012007202012
041001013801202012
041001014601202012
041001015401202012
041001016201202012
041001019701202012
041001020001202012
041101001801202012
041101001802202012
041101001809202012
041101002601202012
041101002602202012
041101003401202012
041101003402202012
041101004201202012
041101004202202012
041101005001202012
041101005002202012
041101005009202012
041101007701202012
041101007702202012
041101007709202012
041101008501202012
041101008502202012
041102001301202012
041102001302202012
041102001309202012
041102002101202012
041102002102202012
041102002109202012
041102003001202012
041102003002202012
041102004801202012
041102004802202012
041201001101202012
041201001107202012
041201002001202012
041201002007202012
041201003801202012
041201003807202012
041201003809202012
041201004601202012
041201004607202012
041201004609202012
041201007001202012
041201007007202012
041201008901202012
041201008907202012
041201009701202012
041201009707202012
041201010001202012
041201010007202012
041201011901202012
041201011907202012
041201013501202012
041201013507202012
041201014301202012
041201014307202012
041202001701202012
041202001707202012
041202002501202012
041202002507202012
041202003301202012
041202003307202012
041202005001202012
041202005007202012
041202006801202012
041202006807202012
041202007601202012
041202007607202012
041202008401202012
041202008407202012
041203001201202012
041203001207202012
041203004701202012
041203004707202012
041203008001202012
041203008007202012
041203009801202012
041203009807202012
041203009809202012
041203010101202012
041203010107202012
041203011001202012
041203011007202012
041204001801202012
041204001807202012
041204001809202012
041204002601202012
041204002607202012
041204003401202012
041204003407202012
041204004201202012
041204004207202012
041204005001202012
041204005007202012
041204006901202012
041204006907202012
041204008501202012
041204008507202012
041204008509202012
041204010701202012
041204010707202012
041204011501202012
041204011507202012
041204012301202012
041204012307202012
041204013101202012
041204013107202012
041204015801202012
041204015807202012
041204016601202012
041204016607202012
041204017401202012
041204017407202012
041204018201202012
041204018207202012
041204019001202012
041204019007202012
041204020401202012
041204020407202012
041204021201202012
041204021207202012
041204022001202012
041204022007202012
041204022009202012
041205001301202012
041205001307202012
041205003001202012
041205003007202012
041205004801202012
041205004807202012
041205006401202012
041205006407202012
041205007201202012
041205007207202012
041205008001202012
041205008007202012
041205010201202012
041205010207202012
041205011001202012
041205011007202012
041205013701202012
041205013707202012
041205014501202012
041205014507202012
041205015301202012
041205015307202012
041205016101202012
041205016107202012
041301001501202012
041301001507202012
041301006601202012
041301008201202012
041301008207202012
041301009001202012
041301009007202012
041303001601202012
041303001607202012
041303001609202012
041303002401202012
041303002407202012
041303002409202012
041303003201202012
041303003209202012
041303005901202012
041303005907202012
041303005909202012
041303006701202012
041303006709202012
041303007501202012
041303007509202012
041303008301202012
041303008307202012
041303008309202012
041304002001202012
041304002007202012
041304003801202012
041304004601202012
041304005401202012
041304005409202012
041304006201202012
041304006209202012
041304007001202012
041304007009202012
041304008901202012
041304008909202012
041304009701202012
041304009707202012
041304010001202012
041304010007202012
041304011901202012
041304011907202012
041304011909202012
041304012701202012
041304012707202012
041304012709202012
041304013501202012
041304013507202012
041304013509202012
041304014301202012
041304014307202012
041304014309202012
041304015101202012
041304015107202012
041304015109202012
041304016001202012
041304016007202012
041304017801202012
041304017807202012
041304018601202012
041304018607202012
041304018609202012
041304019401202012
041304019407202012
041304019409202012
041304020801202012
041304020807202012
041304020809202012
041304021601202012
041304021607202012
041304021609202012
041304022401202012
041304022407202012
041304022409202012
041304023201202012
041304023207202012
041304023209202012
041304024001202012
041304024007202012
041304025901202012
041304025909202012
041304026701202012
041401002701202012
041401003501202012
041401025601202012
041401025607202012
041401025609202012
041401027201202012
041401027207202012
041401027209202012
041401032901202012
041401032907202012
041401032909202012
041401034501202012
041401034507202012
041401034509202012
041402002201202012
041402002203202012
041402002207202012
041402002209202012
041402003001202012
041402003003202012
041402003007202012
041402003009202012
041402004901202012
041402004903202012
041402004907202012
041402004909202012
041402005701202012
041402005703202012
041402005707202012
041402005709202012
041402006501202012
041402006503202012
041402006507202012
041402006509202012
041402007301202012
041402007303202012
041402007307202012
041402007309202012
041402008101202012
041402008103202012
041402008107202012
041402008109202012
041402009001202012
041402009003202012
041402009007202012
041402009009202012
041402014601202012
041402014603202012
041402014607202012
041402014609202012
041402015401202012
041402015403202012
041402015407202012
041402015409202012
041402016201202012
041402016203202012
041402016207202012
041402016209202012
041402020001202012
041402020003202012
041402020007202012
041402020009202012
041402021901202012
041402021903202012
041402021907202012
041402021909202012
041402024301202012
041402024303202012
041402024307202012
041402024309202012
041402027801202012
041402027803202012
041402027807202012
041402027809202012
041402029401202012
041402029403202012
041402029407202012
041402029409202012
041402036701202012
041402036703202012
041402036707202012
041402036709202012
041402037501202012
041402037503202012
041402037507202012
041402037509202012
041402041301202012
041402041303202012
041402041307202012
041402041309202012
041501001201202012
041501001207202012
041502001801202012
041502003401202012
041502003407202012
041502004201202012
041502004207202012
041502005001202012
041502005007202012
041502006901202012
041502006907202012
041502007701202012
041502007707202012
041503001301202012
041503001307202012
041504002701202012
041504002707202012
041504003501202012
041504003507202012
041601001601202012
041601001607202012
041601002401202012
041601002407202012
041601003201202012
041601003207202012
041601004001202012
041601004007202012
041601007501202012
041601007507202012
041601009101202012
041601009107202012
041601011301202012
041601011307202012
041601011309202012
041601012101202012
041601013001202012
041601016401202012
041601016407202012
041601017201202012
041601017207202012
041601017209202012
041601018001202012
041601018007202012
041601019901202012
041601019907202012
041601020201202012
041601020207202012
041601021001202012
041601021007202012
041601022901202012
041601022907202012
041602002001202012
041602002007202012
041602015101202012
041602015107202012
041602016001202012
041602016007202012
041602017801202012
041602017807202012
041602017809202012
041602018601202012
041602018607202012
041602018609202012
041602019401202012
041602019407202012
041602020801202012
041602020807202012
041602021601202012
041602021607202012
041602021609202012
041602022401202012
041602022407202012
041602023201202012
041602023207202012
041602024001202012
041602024007202012
041602024009202012
041602025901202012
041602025907202012
041603001701202012
041603001707202012
041603001709202012
041603002501202012
041603002507202012
041603002509202012
041603003301202012
041603003307202012
041603003309202012
041603004101202012
041603004107202012
041603004109202012
041603006801202012
041603006807202012
041603007601202012
041603008401202012
041603008407202012
041603009201202012
041603009207202012
041603014901202012
041603014907202012
041603014909202012
041603015701202012
041603015707202012
041603015709202012
041603016501202012
041603016507202012
041603017301202012
041603017307202012
041603018101202012
041603018107202012
041603019001202012
041603020301202012
041603020307202012
041603021101202012
041603021107202012
041603022001202012
041603022007202012
041603023801202012
041603023807202012
041603024601202012
041603024607202012
041603025401202012
041603026201202012
041603027001202012
041603027007202012
041603028901202012
041603029701202012
041603030001202012
041603030007202012
041603031901202012
041603031907202012
041603032701202012
041603032707202012
041603032709202012
041603033501202012
041603033507202012
041603033509202012
041603034301202012
041603034307202012
041603035101202012
041603035107202012
041603035109202012
041603036001202012
041603036007202012
041604001201202012
041604001207202012
041604002001202012
041604002007202012
041604003901202012
041604003907202012
041604004701202012
041604004707202012
041604005501202012
041604005507202012
041604007101202012
041604007107202012
041604010101202012
041604010107202012
041604011001202012
041604011007202012
041604012801202012
041604012807202012
041604014401202012
041604014407202012
041604017901202012
041604017909202012
041604018701202012
041604018709202012
041604019501202012
041604019509202012
041604020901202012
041604020907202012
041604021701202012
041604021707202012
041604022501202012
041604022507202012
041604023301202012
041604023307202012
041604024101202012
041604024107202012
041604025001202012
041604025007202012
041604026801202012
041604026807202012
041604027601202012
041604027607202012
041604028401202012
041605001801202012
041605001807202012
041605002601202012
041605002607202012
041605003401202012
041605003407202012
041605005001202012
041605005007202012
041605007701202012
041605007707202012
041605009301202012
041605009307202012
041605010701202012
041605010707202012
041605011501202012
041605011507202012
041606001301202012
041606001307202012
041606001309202012
041606002101202012
041606002107202012
041606003001202012
041606003007202012
041606005601202012
041606005607202012
041606006401202012
041606006407202012
041606008001202012
041606008007202012
041606009901202012
041606009907202012
041606010201202012
041606010207202012
041606011001202012
041606011007202012
041606012901202012
041606012907202012
041608001401202012
041608001407202012
041608001409202012
041608003001202012
041608003007202012
041608003009202012
041608008101202012
041608008107202012
041608009001202012
041608009007202012
041608011101202012
041608011107202012
041608012001202012
041608012007202012
041608012009202012
041609001001202012
041609001007202012
041609002801202012
041609002807202012
041609003601202012
041609003607202012
041609007901202012
041609007907202012
041609010901202012
041609010907202012
041609011701202012
041609011707202012
041609012501202012
041609012507202012
041609013301202012
041609013307202012
041611001001202012
041611001007202012
041611002901202012
041611002907202012
041611003701202012
041611003707202012
041611004501202012
041611004507202012
041611005301202012
041611005307202012
041611006101202012
041611006107202012
041611007001202012
041611007007202012
041611008801202012
041611008807202012
041612002401202012
041612003201202012
041612004001202012
041612004009202012
041612005901202012
041612005909202012
050103006901202012
050103006903202012
050103006907202012
050201001074202012
050201001075202012
050201001076202012
050201001077202012
050201001078202012
050201001079202012
050201002977202012
050201002978202012
050201002979202012
050201002980202012
050201002981202012
050201002982202012
050301001401202012
050301001403202012
050301001474202012
050301001475202012
050301001476202012
050301001477202012
050301001478202012
050301001479202012
050301001480202012
050301001481202012
050301001482202012
050301002201202012
050301002274202012
050301002275202012
050301002276202012
050301002277202012
050301002278202012
050301002279202012
050301002280202012
050301002281202012
050301002282202012
050302001001202012
050302002801202012
050303001574202012
050303001575202012
050303001576202012
050303001577202012
050303001578202012
050303001579202012
050303001580202012
050303001581202012
050303001582202012
050303002301202012
050303002374202012
050303002375202012
050303002376202012
050303002377202012
050303002378202012
050303002379202012
050303002380202012
050303002381202012
050303002382202012
050303003101202012
050303003174202012
050303003175202012
050303003176202012
050303003177202012
050303003178202012
050303003179202012
050303003180202012
050303003181202012
050303003182202012
050303004001202012
050303004074202012
050303004075202012
050303004076202012
050303004077202012
050303004078202012
050303004080202012
050303004081202012
050303004082202012
050303005801202012
050303005874202012
050303005875202012
050303005876202012
050303005877202012
050303005878202012
050303005879202012
050303005880202012
050303005881202012
050303005882202012
050303006601202012
050303006674202012
050303006675202012
050303006676202012
050303006677202012
050303006678202012
050303006679202012
050303006680202012
050303006681202012
050303006682202012
050303007401202012
050303007474202012
050303007475202012
050303007476202012
050303007477202012
050303007478202012
050303007479202012
050303007480202012
050303007481202012
050303007482202012
050303008201202012
050303008274202012
050303008275202012
050303008276202012
050303008277202012
050303008278202012
050303008279202012
050303008280202012
050303008281202012
050303008282202012
050303009001202012
050303009074202012
050303009075202012
050303009076202012
050303009077202012
050303009078202012
050303009079202012
050303009080202012
050303009081202012
050303009082202012
050303010401202012
050303010474202012
050303010475202012
050303010476202012
050303010477202012
050303010478202012
050303010479202012
050303010480202012
050303010481202012
050303010482202012
050304004574202012
050304004575202012
050304004576202012
050304004577202012
050304004578202012
050304004579202012
050304004580202012
050304004581202012
050304004582202012
050501001103202012
050501001107202012
050501002003202012
050501002007202012
050501003803202012
050501003807202012
050501004603202012
050501004607202012
050501005403202012
050501005407202012
050501006203202012
050501006207202012
050501007003202012
050501007007202012
050501008903202012
050501008907202012
050501009701202012
050501009707202012
050501009709202012
050501010001202012
050501010007202012
050501010009202012
050501011901202012
050501011907202012
050501011909202012
050501012701202012
050501012707202012
050501012709202012
050502004101202012
050502004107202012
050502005001202012
050502005007202012
050502006801202012
050502007601202012
050502008401202012
050502009201202012
050502010601202012
050502011401202012
050502011407202012
050502012201202012
050602001012202012
050602002912202012
050602003712202012
050602004503202012
050602004507202012
050602004509202012
050602004512202012
050602005301202012
050602005303202012
050602005307202012
050602006101202012
050602006103202012
050602006107202012
050602007001202012
050602007003202012
050602007007202012
050602008801202012
050602008803202012
050602008807202012
050602009601202012
050602009603202012
050602009607202012
050602010001202012
050602010003202012
050602010007202012
050602011801202012
050602011803202012
050602011807202012
070209005001202012
070209005007202012
070209006901202012
070209006907202012
080201006765202012
080201007579202012
080201008375202012
080201009176202012
080201010574202012
080201011383202012
080201012181202012
080201013082202012
080201014877202012
080201015678202012
080201016480202012
080201021085202012
080201022986202012
080201023792202012
080201024593202012
080201025387202012
080201026187202012
080201027087202012
080201029651202012
080201030052202012
080201031896202012
